13012339591
18680753353
18523869259
17783086069
15736625912
15523991196
13708349752
13527308709
15023546585
18523042473
17823283894
13272836731
15683369050
13883962750
18523379321
15608329702
13883495047
17823738914
15823434783
18623551391
15213740144
17823905318
13110156946
13708328604
17264317892
18580717029
15523209164
15023541374
17823974327
13102327985
13018331173
13635415184
19232521434
13708346046
18580647958
17264367204
13048454435
19232389152
13048454291
13033953943
19232369302
13709408554
19273875078
17823262752
15683416847
18523730165
18581263485
15923659072
17528375697
19232365792
18523373017
19232351438
15123613554
18523174056
15608319359
13047398158
15523894826
17698356152
15095806131
19232365494
19232363157
13047344123
19232351275
17627268133
19232505147
18580207125
15023541054
19232363907
18580540025
15696673794
15696398871
13008305701
19273877082
18523371979
19232350046
18580189930
17802348635
17264347602
13983242480
15002315349
18580183685
15696127321
15023510292
19232386264
18581250184
13212367053
19232365546
13983794390
19273875902
19273877115
15923167403
19273878961
19217372831
19237366707
13274121069
19239255862
19271414053
19271419073
19277201523
19272937097
13274122523
19233243792
13274121807
13159251944
18602316583
13274122591
15683680473
13271939206
19233247361
13274120259
13274121542
18602377503
18581161354
13274939343
13048484353
13110933684
19271419182
19271419464
19233243382
19233243825
19233242820
17612331095
13274932247
18584571404
13228643430
19271740897
19233242384
19233247546
19231290514
19271419378
19271419327
13274122301
19233243075
13048482450
13274121753
19233247647
13048481922
13255946516
19232712673
19233242230
13274123018
18623374430
13251384049
18659258174
19233242510
13274123162
19277980662
15606979364
15683160575
15523323679
13215917341
13215921245
18559234713
15696202462
13271946349
18559782354
19233243435
18659264041
13048489255
13271865053
18695622359
13290093413
15605926842