15050425338
19941326235
13291164580
18550373432
18501562197
15506259547
18550144160
16651241354
18550144312
16651241045
13151158176
18550145641
16651242402
15501561054
13140894203
18550148641
18550144723
13151486649
13057454414
18550374965
18550149154
18550149469
13057459041
18556884380
13295178428
15506256840
15506243647
16651241147
18550146943
18550240145
13151158050
18550148495
13151152569
18550149428
18550144175
13222428046
18550144071
13291144717
18501561886
13218113664
16651242431
13151156871
13151152753
18550149348
13140894328
18501560376
13057458554
18550148842
18501561871
15501569974