15050425338
13291164580
19941326235
18650151834
17623878254
18560090623
18650171245
18560037905
18553171052
18560126726
18596080720
18560192957
18596093120
17602341329
17623873494
18563750217
18553186813
18553155721
18563751157
18563751031
17602369164
18560186326
18563738150
18553167702
13083051691
18560072362
18560035760
18554005202
18563725821
18553106125
13215912293
18554001970
13215915124
18596095963
17612389141
13193103836
18560180569
18563722130
18554005080
13167738756
18563738251
18554002253
18596363881
18563726308
17623193945
17623345408
18560122913
18563701763
15696652632
18596095630
13215946891
17689941459
18506915705
18659287476
18580031761
13155186832
13019616941
13215025472
13285920014
13033052797
18559639554
15659292764
13164896673
13163902467
13023002397
13290789731
13205692861
15659291284
13083092331
13215924634
18580033270
18589703062
18555015636
13225081925
18559271942
13019613512
13275005401
13215948303
18559758021
18559790434
13019612713
13194088431
13055508457
18584521779
18580035381
13043001941
13194089671
18580037961
13225081387
15665607828
13275004353
18584520256
18580035827
15659294064
17555122661
18584525496
13215022254
15659250924
15659810184
13083190257