13270103209
14666850706
18216575223
13057336407
15051857184
13270198036
13003321763
13007781621
14666851689
18362924132
18362924007
18552019621
13914493571
13063682651
17625103852
13195757036
15295796487
13270183135
15062241454
15500543485
18260081194
13276238536
13057356821
13182705219
14666850552
18626377021
13270183621
15500789300
18362924236
13270190238
18661091631
13023385940
13119789844
18652462689
13913349725
15150654164
14666852785
17551002617
17625829760
13057275214
18362930094
15250958449
15295764712
17625003135
18260082224
13093095720
14666851937
15051850174
16571225570
15077834657
18260082945
15062246053
18362932340
18362932604
14666851818
18661092083
13007762186
18362930493
17601502303
13099745485
17625103262
15190485910
13119764590
18224977834
17601516819
15121509211
18362931472
15117496589
15251805614
18362933064
15161470231
14666853002
16605109398
13057380763
13057273490
15597037911
18697258312
15062236134
18362930324
15051860435
13093015008
18362930429
13057336471
18362924041
17625825361
13063611963
15500782714
13023382001
15597698950
18362924218
13007760182
18362924291
13013659702
18260080045
18362924008
15724894585
13013678016
16571402918
14666851863
17601505767
15150694122
18362931524
13218763837
13093092871
13093097125
18260071314
13639167367
13057359602
18626389813
13705143651
13270108529
13013604275
15189807232
18626091035
17697287037
13218791690
19941326235
18651018673
15261498137
17625818278
13043629586
17013866221
15251801304
13218757176
18208630445
17605103901
15724896017
13057302261
15500777146
18626393028
15724894830
18385977476
18661098791
13093090308
17551005732
15261490967
13291226160
18661292931
18661073751
15500507893
13057336834
14727610254
18362933184
16697041683
13218766757
13013659732
15597690284
13093018092
18260070439
15151841832
13109725071
15295791943
13023392972
13086295073
18260070474
18697153225
15724894613
18601596832
13023305719
13196528171
13057304963
17501512826
15597387960
18362932774
15724891913
13093013259
13195792907
15062247941
13057330187
13093113816
18362932748
18626331379
15295750564
14666852019
13023393150
14666851575
13721560531
13119763952
14666850885
13057236185
14666850626
15850614290
17551006357
13222827825
13658561051
18697268951
13007778730
13057305964
13093117535
14666850651
13093010857
13139091320
18601559823
17625819201
13179697308
13218765389
13151016370
13222858263
18362932341
15870147343
18260082548
17601506171
18697168076
13057380602
18362933438
13057336405
18362930469
15062245781
17625819937
13093090753
18260082764
13119787136
15500790692
15151843226
15151843517
15295767024
14666851742
13057303930
13618521354
13222936561
14666850743
18552075868
18552015803
13721528906
13086256939
13276279571
15050425338
15261495982
19808597734
13007794032
13119712415
13222839270
17501528178
13512520651
13093015291
18362930418
13218761797
13195785147
15597023250
15161476750
13043620917
13057336654
13057350513
17625817538
18626078038
13099780375
18260070484
18601598269
13291164580
13255100762
15298371154
15062244524
14666851918
13182069565
15161463452
15500627552
13951642367
13099796323
18552093672
14666853024
14666851832
13119710793
13007773925
13107581732
13093010908
17601503861
18362924034
17697342006
18885859612
13063648757
15240245703
15261497684
15295760479
15597032046
17697116383
18362932094
18362932194
13093029768
15151874977
14666851766
18626373856
15062243414
13057350019
18661295387
17501528332
18362932493
15240249983
18362931047
13093115351
18208537053
15772330812
13698550344
18661036582
17605101281
18260082846
18651007295
17605108620
13182789136
13063649591
13270192238