13635415184
15923659072
18623551391
18580647958
15213740144
19232369302
17627268133
19232521434
17528375697
19232389152
15023510292
13048454291
17264347602
13212367053
18580189930
18580183685
19232365792
17698356152
13008305701
13033953943
15523894826
13708349752
15696398871
19273878961
13709408554
15095806131
15696673794
19273875902
13527308709
15023541054
17823905318
15736625912
19232351438
19273877115
13018331173
15823434783
18581250184
13047398158
19232363907
19232365546
18523869259
13047344123
18523373017
18523371979
18581263485
13102327985
15683369050
15523991196
13708328604
18580717029
13983794390
19273877082
18523379321
13883962750
15608319359
19232350046
17823974327
18523730165
18680753353
17783086069
13048454435
17823262752
17264367204
15123613554
19273875078
18523042473
19232386264
19232363157
15023541374
19232365494
15523209164
17823283894
13110156946
19232351275
19232505147
15002315349
13983242480
18523174056
15683416847
15923167403
13883495047
13708346046
15696127321
18580540025
17823738914
17802348635
13012339591
15608329702
18580207125
17264317892
15023546585
13272836731
19217372831
19237366707
19277201523
19239255862
19272937097
13274122523
19233242510
19271419378
13274123018
13274123162
13251384049
13274122301
13274939343
19233243825
15696202462
19233243075
19233242820
19271740897
19271419073
19271414053
19271419464
19277980662
19233247546
13274121069
18623374430
13271939206
13274121807
13274121542
18602316583
13255946516
19271419182
18602377503
13274122591
13274121753
17612331095
19233247647
19233243792
18659258174
13274120259
19233242384
19231290514
13048484353
13048482450
19232712673
19233243435
19233247361
13159251944
19233242230
19233243382
13228643430
13048481922
19271419327
15683160575
18584571404
13110933684
15683680473
13048489255
15523323679
13290093413
13271946349
18695622359
18559234713
18659264041
13215921245
15606979364
15605926842
18559782354
13215917341
13271865053
18623445197
18623031291
15605924849
13271869135
18623119057
18559300344
13255949320
18559039045
13110597631
17605059412
13178356586
15696112944
18580306715
13225086334
18559034126
13228625609
18623445059
13271989741
18559021703
13178352873
13271945701
15605029419
13205920462
18559636478
13225086774
18696553560
13255942016
18523865712
13215916540
18559620396
13220378353
13290095643
15606979424
13225963834
13215924265
18680790391
13290092548
18696527210
13159267806
13194079335
15606951459
18506937454
18580961702
18695627725
17605057203
18696681320
18559789894
13274935027
13228646854
18523863926
18559025603
18559760543
13110596143
18695628120
18695629701
18559232026
13290052650
13228621505
18559218913
18696527063
13285973214
13002321664
18580698275
17604121584
13255943044
13159254396
18559786463
13271942542
17624225834
18559035471
16623676203
18650123549
18506938507
18506932710
18559637754
18559039360
18659262319
13290094704
18559784214
18623559035
17604122694
13290052161
16623871373
13048469480
13018350414
13271887570
18696526010
18506953649
13274939182
18512393403
13295921849
18559217031
18580695986
15608302431
15659277109
15683245405
17604129384
13243562481
13290092464
15696209524
18512394712
17605058945
18696557621
18650129164
17624226047
17624227964
13159203026
18623119062
13228621307
18696686259
13274938193
13159260223
13220295735
18623119067
18559036244
13228649845
17604123914
18559627744
18580654965
18623118259
13225032485
16623839673
18650128495
15696116974
18580302196
17624226124
13271833059
15520012862
13228626031
13290096114
13271889073
18584574064
13215025705
13290093854
13255941830
18559034662
16623837050
17605064418
17604128024
18559800148
15523325315
13243566240
18559031410
17624227564
18623118973
18512397645
13008332165
13274933121
17624226154
13251356371
18506932938
15523519634
18506939034
18559215715
18623580981
18559638940
17605062297
18559217306
18584570354
18559033197
13271943422
13220363850
13048454379
13228648556
15659275676
13048458742
18696778621
13251308046
15696306127
13048456859
18602313380
18559250806
13290094250
15683906939
13012369017
17624224984
17605062302
17605058035
15683618280
18696707163
13002376192
15523325397
18650127344
18506935049
18695629002
18580692653
13220299863
17614120135
18680873526
13251339530
18696703507
13271941940
15523367075
18695629663
13225923820
18623305936
18523050237
18523189101
17614121335
18659268432
18580968471
18523928370
15523815037
17623721641
15696918736
15696753765
13220365312
18523739273
18523920962
18580467547
13220239165
15696931860
18602352644
18602317315
18559625747
13002371356
18580968574
18696633151
17623101685
13220296385
15523513903
17605050371
15683696227
16623872591
18602310956
17624227314
13271852621
18559253951
17624225964
13002375502
15683258621
18559256163
18559676949
13274932201
18602313573
18559812205
18659245649
18559624214
16602376302
13212370137
13101076138
18580468547
13220233816
17605096914
18523173101
15608355239
13048454916
18506955343
18680878473
18659264581
13002335712
18559034279
18580303229
13251358793
17623280832
17605073604
13271935442
18580515337
13002327008
13251307847
13012329308
13271889107
16623863862
18580516773
18506933029
13101221129
13228609447
18523054693
18523926971
18696553595
18506951894
18659254137
13002375321
13274934964
15608309516
18602311352
13212382097
13220365592
13220295121
19237081187
15683389510
15683256103
18696767529
13212376692
18696612491
13251337329
15683615350
18581151705
13048457387
15683082455
13271850173
13251353692
18696766392
13271929037
13251356581
13228622523
15608301825
18523126923
13048459942
18680873574
18696702761
18602355027
15683084371
18602358914
13228600154
18580254420
13212392837
15523329702
18623120774
13048457453
15523553781
18523920295
18623445021
15696912065
18623063783
13048458763
13220367356
15683251278
13220296187
13048458245
18623065351
15696049084
15683251951
13002327769
18602353249
17623590536
13251356172
13220296915
18602335823
13212389015
13251359180
18602359142
13271868263
15683816350
13271925351
13295921524
18523865263
13220365752
13212387092
18580464436
13048454596
18696707302
18623063287
15696751363
13048459501
15608300132
15523996521
18523929135
13272926335
18580576512
13212370671
17623599536
13220365803
13274932472
13212383170
18602315038
18581377606
18523868179
15520013057
15523329675
18696769115
16762350447
18581377680
13002321772
17623595108
15683696921
13251357637
18696769162
18680874783
13048456836
15696912083
13220365207
13220362057
13220362551
15683610738
13251359027
13220290257
17623112282
13212370183
13228627828
13220369035
18580332613
13048457197
13048457904
13048457597
18602350842
13274120378
18559782544
18559307563
13274123598
13220367827
13015939763
13228608597
18623447438
18559621647
15523968294
13228605325
18559259834
18506918572
13235924548
13159251434
13274123286
13101219579
13178351024
18559037027
13271813498
13159254102
18650117852
15659276739
18695639541
13215915221
18559812428
15523991607
13274120276
18506933909
18559027644
18580263015
13015920964
13274120552
18559814239
13159254084
18559231047
13274122867
13159261787
18659244712
18559214824
18559625162
13225033053
18559315146
18580266297
17605067695
13048470349
13274932594
18695630469
13274123256
15523522162
13274120572
18506958481
13159212440
13018317994
13274122823
18559626392
13015924176
18559624283
15683920736
18506951504
18559818497
18559037376
13008327787
13274123378
15696204491
18559024764
18659244868
13275027464
13243533706
13274121062
18623128474
15523528527
13274936440
13271816549
18559231625
13215023848
15523964436
15696204439
18559218524
18695631298
13271933704
18649615235
18659243049
13274121136
18559814143
18659246674
13110938425
18659249147
18506954161
15659277016
13255945617
18695638043
18559027463
18559673574
18598772401
13285977243
13110597742
18559814859
18559039297
18580572106
13274123026
18512392470
18659218284
13003907405
13110598743
18559314250
13225921750
13003941061
17605056931
13215924074
13271837381
18659230094
13048482011
13159215784
18559639473
18506951674
18623127543
13274123297
18559255853
18559811404
13274123292
15659290846
18559028974
13290053072
18506932851
13274122317
13163905846
18649612806
13274120576
18559307174
13251313985
13215923404
15523525629
18559230049
13274122073
13271814046
18659261845
18559635241
18659264540
13018318674
13220396209
13159254079
18559022140
18506917915
18559621793
18623015934
13274120869
16623901790
18559216546
18559033626
13243535398
13271817417
13274120892
18649615268
13015916294
13159237924
18559234432
18598770764
13003919146
13274121467
13255947192
15659275286
13003943606
18506956740
18559233754
18559308461
18559027874
13048487955
13038305780
18559817035
13159267943
15696208354
18512398042
18559272284
13228608292
18580268691
13003901054
18559272134
18506953495
13235923842
13015920762
18650117307
18559274779
18580018401
18659248574
18598774905
15523967467
13228603609
13159259401
18649600143
13274120275
18559816741
13038305267
13274122962
15520159310
13048487077
13255949738
15523920071
18559784627
13159253470
18559217684
18659218419
18559274647
13110921149
18649617606
13003924570
13018318264
13110938408
13228644747
13003921854
13159253549
18659234374
13243587421
18559814463
13002325874
13003949159
18580577097
18506958443
13274120512
13101216892
13015917234
18598774801
16623908372
13110937724
18559814524
16623907580
13274120830
13018319745
18559633960
13110924357
13003921457
15523923019
13015948618
13018320702
13159252674
13140357499
13015916460
18695632584
13008320605
13159250874
13212305009
13015932514
13015917564
13271869107
13243534351
13110939746
15523915372
13015919783
18659269471
13228607253
13274122303
13110930774
15683066702
18659252284
13159251844
13002339532
18695624780
18659212140
13003975140
18559812496
18559812723
15523967492
18680701853
18580785035
13003946542
13228647836
13212301621
13048482522
13015941940
18506950144
15683163187
18602370975
15683060362
13003918964
13003924436
18623441761
13271814380
13274938034
18695627478
13164873151
18659215453
13228609605
13018317944
13110935954
18506914734
13003949297
13003921564
13271916147
13159253684
15523969415
18559314549
13274939864
15683264492
13015917594
13225036190
18523981607
13255942807
13110591426
15683925397
13228605263
18559029754
13002333763
15683921927
15696272613
18580789615
18695623264
18580113657
15523970751
13255949710
13274938370
13015916459
13015918864
15696208476
15696273362
15523916303
18623127391
13015948915
17612337379
16623968937
13228607735
13003924279
13140356944
13159252947
18506916017
16623875783
15696207943
13274123081
13015939349
13015947474
13015942169
13140359733
13215024923
13159214473
13243589644
13048469543
13271863151
13274932416
13255948561
18659234861
13048483355
13110930604
18623128704
15523523892
18559279429
13255948046
16623907185
15523521892
18506954579
18512390443
18623373174
18695624761
13110939884
18559274284
18659254482
13212300873
18580964503
18559218420
13159259134
15523965504
15683161910
13159252481
13271887307
13271870390
13243532364
13159252429
13274121751
13274121275
18580571606
18559274324
18512394207
18659214996
13110939954
13285976078
18559813914
13048487199
18559814138
13015943809
13140354820
18559631802
13159257243
18559234802
13110595436
18559210854
18559239419
15696273763
13274121407
18512392409
13101278531
18559032549
13164876338
13140354911
18695634802
18659214344
13003928343
18559039864
13140359755
13101210875
13015916856
13228605027
18580011453
13228649187
18559028474
15683693239
13003914351
13015920405
13159251474
13015918946
18659218438
13015948573
18659258145
18623127415
13018317904
13228645617
18559630106
15683163351
13110924667
15696205674
18559035478
13110922047
15523935417
13255945338
13003922049
13220396705
18659268374
13274935407
13274930944
13228602097
13015918786
13015934115
13220279106
13015939432
18659247158
13003982440
13015916694
13274932247
18581161354
19282792845
19282792462
19271173928
19271176107
19233965325
19282792256
19271173994
19271173867
19271176081
19271173915
19282790082
19233961481
19282793940
19233961320
19282792370
19271173882
19233962087
19282792147
19271173909
19282791782
19282790113
19271173901
19271176038
19271051435
19282792608
19271176021
19282790257
19233960785
19271176071
19271176044
19271176036
19271173923
19233966051
19282792704
19271176002
19271173886
19271176024
19271051425
19271173938
19271176074
19282793349
19282792617
19233961849
19282791483
19273962647
19271173913
19282792030
19271051445
19282791702
19271173976
19233961584
19282791157
19282793110
19233965744
19271173995
19282792004
19271176028
19282792302
19282792134
19233962340
19282791224
19282792171
19282791931
19271173875
19282793581
19271176005
19271176016
19233960938
19271173894
19282791576
19282791847
19271176041
19271051486
19282793340
19271176133
19271051401
19282791984
19282790137
19271176103
19271176025
19282792083
19282792113
19282792480
19282793343
19271173954
19271052499
19271173865
19271176011
19282792232
19282792467
19271173967
19271173956
19282793346
19273962714
19271173981
19282790834
19233966063
19233962697
19233961557
19282790390
19271176015
19282792657
19233965098
19233960663
19282792087
19282792711
19233962069
19233962152
19273963847
19282792042
19233961797
19233961493
19271051402
19233960753
19282790294
19233965259
19233965614
19271173899
19271176119
19233965807
19233960325
19271176030
19271176093
19282790207
19233965964
19282792484
19282791774
19233961813
19271176008
19271052437
19271176037
19271052364
19233962477
19271173859
19271176059
19282791629
19282793018
19231145361
19282791721
19282790576
19282792070
19233961716
19271173959
19232722903
19233961672
19271173906
19233961817
19233960791
19271173911
19271173905
19282791624
19271173896
19271176092
19233961475
19233962536
19282791289
19282791731
19282791862
19282791162
19271173889
19282793347
19282791423
19271176105
19233960693
19233961779
19271173997
19271173934
19271176061
19282792737
19282792371
19282792539
19282793042
19271052604
19282793379
19271176079
19271173933
19282792359
19282790832
19282790211
19282791494
19282790814
19271176022
19282791522
19271173910
19282793426
19271052472
19233965747
19232757096
19282790484
19282792411
19271173871
19271173887
19271173890
19233961363
19233960717
19271176063
19233961153
19282792933
19271052422
19233965845
19272724412
19233960635
19233965194
19282791705
19282790421
19282790712
19271173982
19233965867
19233965132
19271051714
19271173962
19233965829
19271173983
19271176034
19233961782
19282791994
19271173916
19271173920
19271176091
19271052438
19271176057
19233961711
19282791912
19271173908
19233960361
19233961635
19282791948
19271050864
19282792075
19271176075
19233966025
19271051946
19271173857
19271173953
19282792441
19271176084
19233961623
19271173862
19271173958
19271176023
19233965016
19233961628
19271052429
19271173950
19282792523
19233961767
19271173963
19282793984
19282791742
19282790684
19233965936
19282792637
19282791147
19273962904
19282791131
19282792017
19271173921
19271176096
19282791729
19271176089
19282793423
19282790258
19282791613
19233960670
19282791407
19282790153
19271052554
19233962423
19282792421
19271176073
19282791703
19233960963
19282793170
19282792487
19271173975
19282792316
19233965549
19233961778
19271052048
19271173860
19271176019
19282793105
19282792591
19271173907
19271052458
19233965649
19271176009
19233960787
19233961581
19233966022
19271051549
19271173969
19282792184
19271173930
19233961593
19282792116
19271176020
19271051541
19271173914
19233961279
19282790546
19233965370
19233961529
19233965904
19282792670
19282791292
19233961197
19282793015
19233960910
19282793071
19271051426
19271176134
19271052854
19271051492
19271176070
19282791853
19282790985
19282791534
19282793927
19271176085
19282793164
19271176065
19233961082
19271173992
19233961031
19233962381
19233965247
19271173881
19282792301
19233961795
19282791294
19282790046
17604129704
19282792708
19282791305
19271176132
19271173944
19271052194
19271176072
19282792461
19233965124
19271051984
19271173965
19271052441
19282793085
19271173942
19271052141
19271173970
19271173892
19271173960
19271173863
19282791891
19282791790
19282792854
19233965208
19282790476
19282792663
19271173964
19233965796
19271176014
19271176097
19271173895
13164897126
17604126184
18559251560
17604121484
13235928647
13275027475
18559679254
13235920764
18559037452
17624225714
18559328749
17605058371
17604124834
13235929051
15606953452
17604129604
17604126254
17624224764
13255067094
18650439318
13163908770
17604123954
17624227417
17604128724
17614120860
17624225394
